1305 5
5259
6480 9
6503
6806 10
8332
8635 11
9726
10023 11
10143 12
10168
10465 13
10507
10804 14
10889
11188 15
11209
11506 16
11612
11911 17
11936
12233 18
12314
12613 19
12641
12938 20
13214
13513 21
13546
13843 22
13917
14216 23
14246
14543 24
14623
14922 25
14952
15249 26
15322
15621 27
15657
15954 28
16011
16310 29
16335
16632 30
16704
17003 31
17031
17328 32
17390
17689 33
17714
18011 34
18087
18386 35
18418
18715 36
18777
23134 50
23197
24107 53
24143
29369 70
29786
31310 75
48848
50356 80
50552
51464 83
51475
52402 86
52482
53079 88
54829
56961 95
57228
67417 128
67453
68064 130
68081
