1305 3
1372 5
4902
6123 9
6146
6449 10
7908
8205 11
8230
8527 10
8647 12
8689
8986 13
9048
9347 14
9364
9661 15
9830
10129 16
10145
10442 17
10611
10910 18
10930
11227 19
11296
11595 20
11620
15993 34
16056
16353 35
16408
17314 38
17346
17645 39
17669
19187 44
19454
20978 49
21271
22791 54
23046
24562 59
566492
568016 64
576119
577631 69
579031
580553 74
580820
581124 75
581391
582915 80
583208
584736 85
584999
586515 90
1411640
1413156 95
1414396
1415910 100
1416177
1417706 105
1417742
1418345 107
1418362
