1305 3
3091 5
7035
8256 9
8279
8582 10
10090
10393 11
11612
11909 12
11934
12231 13
12273
12570 14
12655
12954 15
12975
13272 16
13378
13677 17
13702
13999 18
14080
14379 19
14407
14704 20
14775
15074 21
15108
15405 22
15479
15778 23
15808
16105 24
16185
16484 25
16514
16811 26
16884
17183 27
17219
17516 28
17573
17872 29
17897
18194 30
18266
18565 31
18593
18890 32
18952
19251 33
19276
19573 34
19730
20029 35
20060
24429 49
24492
26008 54
34199
35105 57
35114
35413 58
35443
35742 59
35778
36381 61
36393
36697 62
36967
