1305 3
3173 5
7164
8385 9
8408
8711 10
10293
10596 11
11891
12188 12
12213
12510 13
12552
12849 14
12934
13233 15
13254
13551 16
13657
13956 17
13981
14278 18
14359
14658 19
14686
14983 20
15054
15353 21
15387
15684 22
15758
16057 23
16087
16384 24
16464
16763 25
16793
17090 26
17163
17462 27
17498
17795 28
17852
18151 29
18176
18473 30
19881
20180 31
20207
20504 32
20566
20865 33
20890
21187 34
21263
21562 35
21594
25981 49
26044
26954 52
27004
27909 55
27959
28258 56
28295
29201 59
29238
40620 96
41047
42555 101
59492
61016 106
62300
63822 111
64089
66864 120
66914
67819 123
67869
68172 124
68209
69123 127
69160
80642 164
81075
82603 169
98284
99812 174
101135
102661 179
102928
105719 188
105755
106366 190
106383
