1305 3
1372 5
5308
6529 9
6552
6855 10
8434
8731 11
8756
9053 12
9095
9392 13
9454
9753 14
9770
10067 15
10254
10553 16
10569
10866 17
11053
11352 18
11372
11669 19
11738
12037 20
12062
16435 34
16498
16795 35
16850
17756 38
17788
18087 39
18111
19629 44
19896
21420 49
21713
23233 54
23488
25004 59
589716
591240 64
599215
600727 69
602226
603748 74
604015
604319 75
604586
606110 80
606403
607931 85
608194
609710 90
1433941
1435457 95
1436697
1438211 100
1438478
1440007 105
1440043
1440646 107
1440663
