1589 3
1656 5
6126
7347 9
7370
7673 10
8761
9058 10
9489 11
9514
9811 12
9853
10150 13
10212
10511 14
10528
10825 15
10968
11267 16
11283
11580 17
11723
12022 18
12042
12339 19
12408
12707 20
12732
16499 32
16531
16830 33
16851
17155 34
17422
17719 35
17749
19285 40
19570
21090 45
766031
767551 50
828060
829580 55
829773
831307 60
831387
831984 62
833352
835484 69
835751
836055 70
836322
836619 71
836649
838177 76
838462
839978 81
841767
843287 86
848023
849535 91
1297124
1298640 96
1304960
1306472 101
1306658
1308196 106
1308276
1308881 108
1310215
1312351 115
1312618
1312915 116
1312945
1314468 121
1314498
1316027 126
1316063
1316674 128
1316691
