1305 5
5259
6480 9
6503
6806 10
8358
8661 11
9898
10195 12
10220
10517 13
10559
10856 14
10941
11240 15
11261
11558 16
11664
11963 17
11988
12285 18
12366
12665 19
12693
12990 20
13165
13464 21
13497
13794 22
13868
14167 23
14197
14494 24
14574
14873 25
14903
15200 26
15273
15572 27
15608
15905 28
15962
16261 29
16286
16583 30
16655
16954 31
16982
17279 32
17341
17640 33
17665
17962 34
18038
18337 35
18369
22734 49
22797
23707 52
23743
28961 69
29378
30906 74
48895
50411 79
52012
53530 84
53797
62740 113
62776
63383 115
63400
