1305 3
2871 5
6862
8083 9
8106
8409 10
9921
10224 11
11459
11756 12
11781
12078 13
12120
12417 14
12502
12801 15
12822
13119 16
13225
13524 17
13549
13846 18
13927
14226 19
14254
14551 20
14622
14921 21
14955
15252 22
15326
15625 23
15655
15952 24
16032
16331 25
16361
16658 26
16731
17030 27
17066
17363 28
17420
17719 29
17744
18041 30
18405
18704 31
18731
19028 32
19090
19389 33
19414
19711 34
19787
20086 35
20118
24505 49
24568
25478 52
25528
26433 55
26483
26782 56
26819
27725 59
27762
39144 96
39571
41079 101
58035
59559 106
60843
62365 111
62632
65407 120
65457
66362 123
66412
66715 124
66752
67666 127
67703
79185 164
79618
81146 169
96849
98377 174
99700
101226 179
101493
104284 188
104320
104931 190
104948
