1305 3
1372 5
4902
6123 9
6146
6449 10
8004
8301 11
8326
8623 12
8665
8962 13
9186
9485 14
9501
9798 15
10303
10602 16
10618
10915 17
11420
11719 18
11739
12036 19
12105
12404 20
12429
16802 34
16865
17162 35
17217
18123 38
18155
18454 39
18478
18782 40
19049
20569 45
20837
22357 50
22611
24131 55
43191
44711 60
46731
48253 65
48520
48824 66
49091
50615 71
50908
52424 76
52679
54195 81
596124
597644 86
605747
607255 91
608701
610219 96
610486
610790 97
611057
612581 102
612874
614398 107
614661
616177 112
1441647
1443171 117
1443821 3
1443888 117
1444263
1445785 122
1446052
1447593 127
1447629
1448240 129
1448257
