1305 3
1372 5
4905
6126 9
6149
6452 10
8000
8297 11
8322
8619 12
8661
8958 13
9321
9620 14
9636
9933 15
10139
10438 16
10454
10751 17
10957
11256 18
11276
11573 19
11642
11941 20
11966
16341 34
16404
16701 35
16756
17662 38
17695
17994 39
18019
18323 40
18590
20110 45
20380
21900 50
22159
23679 55
43906
45426 60
46628
48150 65
48417
48721 66
48988
50512 71
50801
52317 76
52576
54092 81
598226
599746 86
607828
609336 91
610499
612017 96
612284
612588 97
612855
614379 102
614668
616192 107
616459
617975 112
1450705
1452229 117
1453052
1454574 122
1454841
1456382 127
1456418
1457029 129
1457046
