1305 3
1372 5
5842
7063 9
7086
7389 10
8994
9291 11
9316
9613 12
9655
9952 13
10014
10313 14
10330
10627 15
10989
11288 16
11304
11601 17
11963
12262 18
12282
12579 19
12648
12947 20
12972
16739 32
16771
17070 33
17091
17395 34
17662
17959 35
17989
19525 40
19810
21330 45
766271
767791 50
828285
829805 55
829998
831532 60
831612
832209 62
833577
835709 69
835976
836280 70
836547
836844 71
836874
838402 76
838687
840203 81
841992
843512 86
848323
849835 91
1297424
1298940 96
1305177
1306689 101
1306875
1308413 106
1308493
1309098 108
1310432
1312568 115
1312835
1313132 116
1313162
1314685 121
1314715
1316244 126
1316280
1316891 128
1316908
