1305 3
3091 5
7037
8258 9
8281
8584 10
10074
10377 11
11454
11751 11
11871 12
11896
12193 13
12235
12532 14
12617
12916 15
12937
13234 16
13340
13639 17
13664
13961 18
14042
14341 19
14369
14666 20
14737
15036 21
15070
15367 22
15441
15740 23
15770
16067 24
16147
16446 25
16476
16773 26
16846
17145 27
17181
17478 28
17535
17834 29
17859
18156 30
18228
18527 31
18555
18852 32
18914
19213 33
19238
19535 34
19692
19991 35
20022
24391 49
24454
25970 54
35332
36243 57
36510
36809 58
36845
37448 60
37465
