1305 5
5248
6469 9
6492
6795 10
8359
8662 11
9859
10156 11
10276 12
10301
10598 13
10640
10937 14
11022
11321 15
11342
11639 16
11745
12044 17
12069
12366 18
12447
12746 19
12774
13071 20
13142
13441 21
13475
13772 22
13846
14145 23
14175
14472 24
14552
14851 25
14881
15178 26
15251
15550 27
15586
15883 28
15940
16239 29
16264
16561 30
16742
17041 31
17068
17365 32
17427
17726 33
17751
18048 34
18124
18423 35
18455
22842 49
22905
23815 52
23865
24770 55
24820
25119 56
25156
26062 59
26099
37481 96
37908
39416 101
55906
57430 106
58714
60236 111
60503
63278 120
63328
64233 123
64283
64586 124
64623
65537 127
65574
77056 164
77489
79017 169
94668
96196 174
97396
98922 179
99189
101980 188
102016
102627 190
102644
