1321 3
1385 5
5770
6991 9
7014
7317 10
8869
9172 11
10321
10618 11
10738 12
10763
11060 13
11102
11399 14
11741
12040 15
12056
12353 16
12417
12716 17
12734
13031 18
13095
13394 19
13412
13709 20
13798
14097 21
14122
14419 22
14500
14799 23
14825
15122 24
15203
15502 25
15535
15832 26
15918
16217 27
16239
16536 28
16610
16909 29
16936
21330 43
21393
22295 46
22335
23244 49
23294
23597 50
23632
24542 53
24577
24881 54
25148
26668 59
28308 3
28372 59
69988
71512 64
72115
73625 69
73892
82763 98
82799
83402 100
83419
