1305 3
3173 5
7123
8344 9
8367
8670 10
10178
10481 11
11558
11855 11
11975 12
12000
12297 13
12339
12636 14
12721
13020 15
13041
13338 16
13444
13743 17
13768
14065 18
14146
14445 19
14473
14770 20
14841
15140 21
15174
15471 22
15545
15844 23
15874
16171 24
16251
16550 25
16580
16877 26
16950
17249 27
17285
17582 28
17639
17938 29
17963
18260 30
18332
18631 31
18659
18956 32
19018
19317 33
19342
19639 34
19715
20014 35
20046
24415 49
24478
25994 54
32493 3
34931 5
35003 54
35092
35998 57
36007
36306 58
36311
36610 59
36646
36950 60
37024
