1305 3
1369 5
5683
6904 9
6927
7230 10
8787
9090 11
10234
10531 11
10651 12
10676
10973 13
11015
11312 14
11397
11696 15
11717
12014 16
12120
12419 17
12444
12741 18
12822
13121 19
13149
13446 20
13517
13816 21
13850
14147 22
14221
14520 23
14550
14847 24
14927
15226 25
15256
15553 26
15626
15925 27
15961
16258 28
16315
16614 29
16639
16936 30
17008
17307 31
17335
17632 32
17788
18087 33
18111
18408 34
18484
18783 35
18815
19112 36
19174
23531 50
23594
24504 53
24540
37145 94
81283
82799 99
82986
83898 102
83909
84840 105
84920
85525 107
87203
89343 114
89610
92388 123
92424
93035 125
93052
