1321 3
1385 5
5367
6588 9
6611
6914 10
8465
8768 11
9902
10199 12
10224 11
10344
10641 13
10683
10980 14
16304
16603 15
16619
16916 16
16980
17279 17
17297
17594 18
17658
17957 19
17975
18272 20
18361
18660 21
18685
18982 22
19063
19362 23
19388
19685 24
19766
20065 25
20098
20395 26
20481
20780 27
20802
21099 28
21173
21472 29
21499
25893 43
25956
26858 46
26898
27807 49
27857
28160 50
28195
29105 53
29140
29444 54
29711
31231 59
72185
73709 64
73896
74796 67
74807
76338 72
76418
77023 74
78067
78368 75
79299
82030 84
82297
91192 113
91228
91835 115
91852
