1921 5
5904
7125 9
7148
7451 10
8967
9270 11
10389
10686 11
10806 12
10831
11128 13
11170
11467 14
11552
11851 15
11872
12169 16
12275
12574 17
12599
12896 18
12977
13276 19
13304
13601 20
13672
13971 21
14005
14302 22
14376
14675 23
14705
15002 24
15082
15381 25
15411
15708 26
15781
16080 27
16116
16413 28
16470
16769 29
16794
17091 30
17455
17754 31
17781
18078 32
18140
18439 33
18464
18761 34
18837
19136 35
19168
20368 39
20410
21704 43
21746
23639 49
23702
24612 52
24662
25567 55
25617
25916 56
25953
26859 59
26896
38278 96
38705
40213 101
57144
58668 106
59952
61474 111
61741
64516 120
64566
65471 123
65521
65824 124
65861
66775 127
66812
78294 164
78727
80255 169
95941
97469 174
98792
100318 179
100585
103376 188
103412
104023 190
104040
