1305 3
1372 5
4902
6123 9
6146
6449 10
8010
8307 11
8332
8629 12
8671
8968 13
9030
9329 14
9346
9643 15
9849
10148 16
10164
10461 17
10667
10966 18
10986
11283 19
11352
11651 20
11676
16049 34
16112
16409 35
16464
17370 38
17402
17701 39
17725
19243 44
19510
21034 49
21327
22847 54
23102
24618 59
566545
568069 64
576172
577684 69
579130
580652 74
580919
581223 75
581490
583014 80
583307
584835 85
585098
586614 90
1411808
1413324 95
1414564
1416078 100
1416345
1417874 105
1417910
1418513 107
1418530
