1305 3
1372 5
5842
7063 9
7086
7389 10
8914
9211 11
9236
9533 12
9575
9872 13
9934
10233 14
10250
10547 15
10690
10989 16
11005
11302 17
11445
11744 18
11764
12061 19
12130
12429 20
12454
16221 32
16253
16552 33
16573
16877 34
17144
17441 35
17471
19007 40
19292
20812 45
765753
767273 50
827704
829224 55
829417
830951 60
831031
831628 62
832996
835128 69
835395
835699 70
835966
836263 71
836293
837821 76
838106
839622 81
1287211
1288731 86
1293572
1295084 91
1298102
1299618 96
1305839
1307351 101
1307537
1309075 106
1309155
1309760 108
1311094
1313230 115
1313497
1313794 116
1313824
1315347 121
1315377
1316906 126
1316942
1317553 128
1317570
