1305 5
5259
6480 9
6503
6806 10
8394
8697 11
9970
10267 12
10292
10589 13
10631
10928 14
11013
11312 15
11333
11630 16
11736
12035 17
12060
12357 18
12438
12737 19
12765
13062 20
13690
13989 21
14022
14319 22
14393
14692 23
14722
15019 24
15099
15398 25
15428
15725 26
15798
16097 27
16133
16430 28
16487
16786 29
16811
17108 30
17180
17479 31
17507
17804 32
17866
18165 33
18190
18487 34
18563
18862 35
18894
23259 49
23322
24232 52
24268
29486 69
29903
31431 74
49467
50983 79
52584
54102 84
54369
63312 113
63348
63955 115
63972
