1305 3
1372 5
4905
6126 9
6149
6452 10
8000
8297 11
8322
8619 12
8661
8958 13
9210
9509 14
9525
9822 15
10786
11085 16
11101
11398 17
12362
12661 18
12681
12978 19
13047
13346 20
13371
17746 34
17809
18106 35
18161
19067 38
19100
19399 39
19424
19728 40
19995
21515 45
21785
23305 50
23564
25084 55
44157
45677 60
46985
48507 65
48774
49078 66
49345
50869 71
51158
52674 76
52933
54449 81
598200
599720 86
607824
609332 91
610548
612066 96
612333
612637 97
612904
614428 102
614717
616241 107
616508
618024 112
1449943
1451467 117
1452506
1454028 122
1454295
1455836 127
1455872
1456483 129
1456500
