1305 3
2118 5
2513 3
4203 5
8194
9415 9
9438
9741 10
11257
11560 11
12799
13096 12
13121
13418 13
13460
13757 14
13842
14141 15
14162
14459 16
14565
14864 17
14889
15186 18
15267
15566 19
15594
15891 20
15962
16261 21
16295
16592 22
16666
16965 23
16995
17292 24
17372
17671 25
17701
17998 26
18071
18370 27
18406
18703 28
18760
19059 29
19084
19381 30
19745
20044 31
20071
20368 32
20430
20729 33
20754
21051 34
21127
21426 35
21458
25845 49
25908
26818 52
26868
27773 55
27823
28122 56
28159
29065 59
29102
40484 96
40910
42418 101
59363
60887 106
62051
63573 111
63840
66615 120
66665
67570 123
67620
67923 124
67960
68874 127
68911
80393 164
80826
82354 169
98038
99566 174
109353
110874 179
110883
111186 180
111209
111512 181
111548
112159 183
112171
112479 184
112749
