1305 3
1369 5
5295
6516 9
6539
6842 10
8369
8672 11
9876
10173 12
10198
10495 13
10537
10834 14
10919
11218 15
11239
11536 16
11642
11941 17
11966
12263 18
12344
12643 19
12671
12968 20
13039
13338 21
13372
13669 22
13743
14042 23
14072
14369 24
14503
14802 25
14831
15128 26
15201
15500 27
15536
15833 28
15890
16189 29
16214
16511 30
16583
16882 31
16910
17207 32
17269
17568 33
17593
17890 34
17966
18265 35
18297
18594 36
18656
23019 50
23082
23992 53
24031
31714 78
32071
33591 83
48491
50011 88
50206
51114 91
51125
52048 94
52128
52725 96
54203
56331 103
56598
64330 128
64366
64977 130
64994
