1321 5
5303
6524 9
6547
6850 10
8387
8690 11
9802
10099 12
10124
10421 11
10541 13
10583
10880 14
16867
17166 15
17182
17479 16
17608
17907 17
17924
18221 18
18350
18649 19
18666
18963 20
19052
19351 21
19376
19673 22
19754
20053 23
20079
20376 24
20457
20756 25
20789
21086 26
21172
21471 27
21493
21790 28
21864
22163 29
22190
26584 43
26647
27549 46
27589
28498 49
28548
28851 50
28886
29796 53
29831
30135 54
30402
31922 59
74132
75656 64
76259
77769 69
78036
79566 74
79833
81354 79
91114
92638 84
93248
94766 89
95033
95337 90
95604
97125 95
105881
107397 100
108060
109578 105
109845
115084 122
115120
115731 124
115748
