1589 3
1653 5
5579
6800 9
6823
7126 10
8711
9014 11
10290
10587 12
10612
10909 13
10951
11248 14
11400
11699 15
11719
12016 16
12202
12501 17
12525
12822 18
12958
13257 19
13284
13581 20
13723
14022 21
14055
14352 22
14503
14802 23
14831
15128 24
15262
15561 25
15590
15887 26
16035
16334 27
16369
16666 28
16723
17022 29
17047
17344 30
17489
17788 31
17815
18112 32
18234
18533 33
18557
18854 34
19011
19310 35
19341
19638 36
19760
24123 50
24186
25096 53
25135
26660 58
145468
146984 63
147174
148078 66
148089
149008 69
149088
149689 71
151107
153231 78
153498
155031 83
155444
156960 88
171582
173094 93
173288
174200 96
174211
175130 99
175210
175807 101
177257
179393 108
179660
181200 113
181569
183097 118
199566
201086 123
201278
202190 126
202201
203132 129
203212
203813 131
205267
207407 138
207674
209232 143
209645
211173 148
230197
231725 153
231923
232835 156
232846
233777 159
233857
234462 161
235964
238104 168
238371
239925 173
240342
241870 178
258589
260117 183
260311
261223 186
261234
262165 189
262245
262846 191
264316
266456 198
266723
268266 203
268623
270151 208
280889 3
280953 208
293999
295520 213
295529
295832 214
295860
296163 215
296199
296806 217
296818
297126 218
297396
