1305 5
5253
6474 9
6497
6800 10
8308
8611 11
9808
10105 12
10130
10427 13
10469
10766 14
10851
11150 15
11171
11468 16
11574
11873 17
11898
12195 18
12276
12575 19
12603
12900 20
12971
13270 21
13304
13601 22
13675
13974 23
14004
14301 24
14381
14680 25
14710
15007 26
15080
15379 27
15415
15712 28
15769
16068 29
16093
16390 30
16462
16761 31
16789
17086 32
17148
17447 33
17472
17769 34
17926
18225 35
18256
22625 49
22688
24204 54
28871
29163 54
29289
30195 57
30204
30503 58
30508
30807 59
30843
31446 61
31458
31762 62
32032
