1305 3
1372 5
4905
6126 9
6149
6452 10
8000
8297 11
8322
8619 12
8661
8958 13
9267
9566 14
9582
9879 15
10705
11004 16
11020
11317 17
12143
12442 18
12462
12759 19
12828
13127 20
13152
17527 34
17590
17887 35
17942
18848 38
18881
19180 39
19205
19509 40
19776
21296 45
21567
23087 50
23346
24866 55
43923
45443 60
46645
48167 65
48434
48738 66
49005
50529 71
50818
52334 76
52593
54109 81
598245
599765 86
607869
609377 91
610593
612111 96
612378
612682 97
612949
614473 102
614762
616286 107
616553
618069 112
1451290
1452814 117
1453747
1455269 122
1455536
1457077 127
1457113
1457724 129
1457741
