1305 3
1372 5
5308
6529 9
6552
6855 10
8422
8719 11
8744
9041 12
9083
9380 13
9442
9741 14
9758
10055 15
10245
10544 16
10560
10857 17
11047
11346 18
11366
11663 19
11732
12031 20
12056
16429 34
16492
16789 35
16844
17750 38
17782
18081 39
18105
19623 44
19890
21414 49
21707
23227 54
23482
24998 59
60504 3
60571 59
589049
590573 64
598592
600104 69
601550
603072 74
603339
603643 75
603910
605434 80
605727
607255 85
607518
609034 90
1433150
1434666 95
1435797
1437311 100
1437578
1439107 105
1439143
1439746 107
1439763
