1305 5
5259
6480 9
6503
6806 10
8361
8664 11
9892
10189 12
10214
10511 13
10553
10850 14
10935
11234 15
11255
11552 16
11658
11957 17
11982
12279 18
12360
12659 19
12687
12984 20
13126
13425 21
13458
13755 22
13829
14128 23
14158
14455 24
14535
14834 25
14864
15161 26
15234
15533 27
15569
15866 28
15923
16222 29
16247
16544 30
16616
16915 31
16943
17240 32
17302
17601 33
17626
17923 34
17999
18298 35
18330
22695 49
22758
23668 52
23704
28922 69
29339
30867 74
48432
49948 79
51435
52953 84
53220
62163 113
62199
62806 115
62823
